##BLOCKS= 1          
Plate:	Plate#1	1.3	PlateFormat	Endpoint	Absorbance	Raw	FALSE	1						1	600	1	12	96	1	8	None	
	Temperature(¡C)	1	2	3	4	5	6	7	8	9	10	11	12		
	21.10	0.0873	0.1025	0.1008	0.103	0.1059	0.1048	0.1041	0.1082	0.1079	0.1036	0.1068	0.0853		
		0.1007	1.3499	1.3535	1.3385	1.176	1.1274	1.0639	0.2259	0.2308	1.5051	0.1134	0.094		
		0.1076	1.6575	1.5509	1.5692	1.3474	1.2104	1.1848	0.9592	1.1433	1.6544	0.11	0.0954		
		0.1015	1.7262	1.7189	1.7065	1.5901	1.5845	1.5878	1.4359	1.535	1.4887	0.1092	0.099		
		0.1181	1.7933	1.8157	1.7837	1.6936	1.7258	1.6924	1.6025	1.5855	1.8026	0.1105	0.0939		
		0.1132	1.7114	1.7094	1.7657	1.6337	1.6316	1.7533	1.6582	1.6606	1.7378	0.1088	0.0932		
		0.1086	1.7005	1.7053	1.7775	1.7197	1.7363	1.7144	1.6182	1.6128	1.6093	0.1123	1.6287		
		0.1002	0.1089	0.1014	0.1012	0.104	0.1056	0.1067	0.1071	0.1056	0.105	0.1105	0.0902		
		
~End
Copyright © 2004 Molecular Devices. All rights reserved.
